12 35 19 32 14 34 25 12 21 5 7 5 11 25 13 10 20 34 14 35 33 14 26 22 14 10 23 17 13 23 7  
13 33 30 26 10 30 7 9 13 12 12 18 25 26 12 17 32 19 13 29 30 32 30 25 26 33 13 28 26 10 19  
34 9 5 29 25 32 27 5 23 17 12 16 23 16 29 21 7 21 10 10 9 34 26 13 22 26 23 33 7 9 16  
6 9 14 30 19 13 12 8 23 19 19 22 35 5 20 5 13 11 21 35 25 26 10 21 27 34 10 6 8 34 22  
18 13 26 21 33 10 25 30 18 22 13 26 15 26 32 23 9 16 24 12 14 16 33 24 13 12 27 17 8 22 26  
28 35 30 32 25 6 6 26 24 23 17 11 21 25 5 24 20 13 7 14 28 30 16 30 28 29 7 25 28 26 24  
31 17 13 13 21 7 28 14 22 31 6 26 28 23 34 33 6 27 10 18 15 29 26 23 24 17 15 32 7 14 18  
5 19 16 23 21 27 21 14 11 26 20 6 5 22 17 10 20 26 19 28 13 9 5 25 13 21 11 16 24 12 30  
5 35 10 30 22 19 7 7 24 29 23 31 12 28 23 6 9 10 31 8 33 9 16 22 33 14 30 7 8 10 33  
25 7 5 10 12 26 32 35 27 15 19 11 6 32 35 13 9 26 26 23 35 32 14 20 13 32 34 7 17 11 22  
35 32 15 33 18 26 26 7 15 23 24 25 35 14 11 8 33 5 32 9 22 24 31 18 27 32 26 16 19 26 27  
35 34 21 8 34 20 35 8 34 28 11 35 27 32 14 20 9 10 8 32 28 19 6 29 14 11 11 5 32 29 21 